camera_id 0
resolution 1920 1080
K_matrix 1646.35 1642.41 926.292 540.436
R_matrix -0.08807544456606514 0.903098138716165 -0.42030520804754234 -0.981621177800515 -0.006975230585197945 0.19071237362009946 0.1693002639041625 0.42937757045015895 0.8871146051307572
world_position 3.0307063234863936 -32.23707853333054 -55.27777430076448
camera_id 1
resolution 1920 1080
K_matrix 1647.34 1646.06 920.829 547.237
R_matrix -0.0741121676644842 0.9358418836301401 -0.3445393380263899 -0.9821632901383617 -0.0086283502625914 0.18783190111462605 0.17280815405720873 0.3523145191662382 0.9197890092167893
world_position 2.506535100704319 -26.124025363673745 -57.54762857431285
camera_id 2
resolution 1920 1080
K_matrix 1640.89 1642.02 935.244 536.109
R_matrix -0.06011447079079618 0.9587618081628811 -0.27778057097245823 -0.9811827154605998 -0.005602606304880242 0.19300023234171476 0.18348495655749517 0.2841556017586753 0.9410573121262376
world_position 2.1742767949674064 -19.828817819364208 -59.291795201692366
camera_id 3
resolution 1920 1080
K_matrix 1659.98 1662.23 949.57 525.689
R_matrix -0.04438558057869474 0.9786308977265092 -0.20077720550824182 -0.9804110497339469 -0.004065870897530022 0.19692039572737222 0.19189604945457436 0.2055846169071295 0.9596410117824666
world_position 1.8637219097296818 -12.846221614372459 -61.26494657961885
camera_id 4
resolution 1920 1080
K_matrix 1646.47 1648.42 928.989 523.875
R_matrix -0.02235295846506269 0.9963444889418102 -0.08245001275404587 -0.9801988453585572 -0.005611012811380323 0.19793620207779503 0.19675001602442213 0.08524186700509126 0.9767411403764439
world_position 1.716475375193271 -3.974250066923843 -61.65578736523288
camera_id 5
resolution 1920 1080
K_matrix 1654.27 1656.62 953.723 511.519
R_matrix -0.007153646258765689 0.9999740458171229 0.0008561759977771949 -0.9781018568511666 -0.007175268144987479 0.20800306043745584 0.2080038051803496 0.0006505529818929268 0.9781278003468223
world_position 1.4688825036031226 3.9195025763050944 -61.94168387067425
camera_id 6
resolution 1920 1080
K_matrix 1660.63 1662.52 963.683 515.03
R_matrix 0.011043385532313654 0.9956864693453844 0.09212219275781235 -0.9795241541391158 -0.00774907469817987 0.20117749202972957 0.20102356850388103 -0.09245759354344496 0.9752133706538896
world_position 1.7998386744915944 11.822779576258055 -61.31202262369609
camera_id 7
resolution 1920 1080
K_matrix 1664.91 1667.43 954.484 526.761
R_matrix 0.031736185833106945 0.9800352678243015 0.1962745228737448 -0.9811058548962878 -0.006951271553506555 0.19334679028112656 0.19085103090366323 -0.19870217322500294 0.9612977324214752
world_position 2.114929313063925 19.730076755349486 -59.725229108654425
camera_id 8
resolution 1920 1080
K_matrix 1643.55 1643.89 955.731 521.996
R_matrix 0.05276033594181162 0.951341112950149 0.3035892517235735 -0.9807413009491168 -0.007885522365127406 0.1951520411106768 0.188050119819003 -0.3080388049382759 0.9326034779520489
world_position 2.85157942310059 27.981518718306937 -56.17665760896504
camera_id 9
resolution 1920 1080
K_matrix 1661.46 1659.4 976.787 518.529
R_matrix 0.06738115589486554 0.92209943214639 0.38104122751426456 -0.9808122256541945 -0.008807842293254209 0.19475574425778353 0.18294031222652335 -0.3868527615895263 0.9038129137233102
world_position 3.4618862031214075 34.968198921843054 -53.548332279064056
camera_id 10
resolution 1920 1080
K_matrix 1654.73 1650.64 985.434 518.421
R_matrix 0.08406480229383778 0.8814456204274675 0.46474372211417225 -0.9810480093958157 -0.008500442391188912 0.19357826773597722 0.1745792435423111 -0.47220902226491934 0.8640258833020011
world_position 4.285431324118827 41.568144346155066 -49.65556633070936
camera_id 11
resolution 1920 1080
K_matrix 1672.46 1665.07 968.303 503.736
R_matrix 0.10415781831755783 0.8165275272469311 0.5678326744132802 -0.9801991312096131 -0.012397612059962537 0.1976258140808784 0.16840668650396834 -0.577173367770224 0.7990682645916627
world_position 5.403408717487373 48.82624531293836 -45.130514266541915
